step = 00000001
time =           0.5000000000000000E-03
dt =           0.1576662550121283E-01
