step = 00000002
time =           0.3175484431083509E+00
dt =           0.1847775811247402E+01
