step = 00000006
time =           0.8997832285208375E+01
dt =           0.7587726691325759E+00
