step = 00000003
time =           0.2165324254355753E+01
dt =           0.2425507794383043E+01
