step = 00000005
time =           0.8391951198665843E+01
dt =           0.6058810865425314E+00
