step = 00000004
time =           0.5823721391238320E+01
dt =           0.1420489361450368E+01
