step = 00000008
time =           0.1054204769136180E+02
dt =           0.7879082203748605E+00
