step = 00000009
time =           0.1132995591173666E+02
dt =           0.8033689807560560E+00
