step = 00000007
time =           0.9756604954340951E+01
dt =           0.7854427370208500E+00
