step = 00000010
time =           0.1213332489249272E+02
dt =           0.8439865663744249E+00
