step = 00000010
time =           0.5402874843694901E+01
dt =           0.9953091305397754E-01
