step = 00000020
time =           0.6113483167459555E+01
dt =           0.8540013428322779E-01
