step = 00000070
time =           0.9167899097404586E+01
dt =           0.6634891848467103E-01
