step = 00000001
time =           0.5000000000000000E-03
dt =           0.3743672233506167E+00
