step = 00000080
time =           0.9762811342373990E+01
dt =           0.6795345193658571E-01
