step = 00000003
time =           0.3103301300109075E+01
dt =           0.4039834130748660E+01
