step = 00000000
time =           0.0000000000000000E+00
dt =           0.5000000000000000E-03
