step = 00000040
time =           0.7389333005535504E+01
dt =           0.7589775066949951E-01
