step = 00000050
time =           0.7983742074620695E+01
dt =           0.6822023618520484E-01
