step = 00000100
time =           0.1098241296763883E+02
dt =           0.6192559029677427E-01
