step = 00000030
time =           0.6772568683170151E+01
dt =           0.7130093662541670E-01
