step = 00000002
time =           0.3748672233506167E+00
dt =           0.2728434076758458E+01
