step = 00000060
time =           0.8591277420597187E+01
dt =           0.6572762682069030E-01
