step = 00000090
time =           0.1035763373967228E+02
dt =           0.7360025726289904E-01
