&model
xy_len = 256
dx = 0.0078125
dy = 0.0078125
num_timesteps = 3
init_dt = 0.0005
pot_vorticity_bound = 150000.0
deform_wavenumber = 4.0
rotat_wavenumber = 1.58113883008
vertical_shear = 0.2
ekman_friction_coeff = 0.05
biharm_visc_coeff = 0.000000000000005
biharm_order = 4
x_ref = 0.0
y_ref = 0.0
init_time= 0.0
error_toler = 0.1
output_freq = 1
/

